function [Pe125value3, Pe125value2, Pe125value0,Pe12p5value3, Pe12p5value2, Pe12p5value0,...
    Pe1p25value3, Pe1p25value2, Pe1p25value0,Pep125value3, Pep125value2, Pep125value0] = DiagValue()
Pe125value3 =[

   0.999977204950202
   0.999992729995341
   0.999987103276996
   0.999989777022456
   1.000049217671642
   0.999958731905582
   1.000104904770307
   0.999795643383534
   1.000459364591441
   0.999272868732774
   1.001106481988527
   0.998560704246776
   1.000325913246647
   1.022771156830270
   0.758228434602214
  -0.060711405594979
   0.029851610639486
  -0.015055432861063
   0.005991746785385
  -0.002369494398087
   0.000894126942940
  -0.000508880856340
   0.000221723095368
   0.000003088890475
   0.000279896637743
  -0.000074585907903
  -0.000068464441610
   0.000031933827709
  -0.000022717450947
   0.000012756487011
  -0.000006758094996
   0.000000245097519
   0.000001038281383
  -0.000000415904521
   0.000000660524651
  -0.000000575109943
  -0.000000052340066
   0.000000239785870
  -0.000000423326017
   0.000000161480493
  -0.000000334572724];

Pe125value2 =[

   1.000000005301306
   0.999999995884434
   1.000000040040245
   0.999999897887226
   0.999999389459693
   1.000004969575003
   0.999992576929644
   0.999939892618784
   1.000293686248005
   1.000117228094711
   0.996024785592400
   1.003774234204412
   1.039569841421826
   0.977740166039292
   0.633138720231384
   0.170410930738238
  -0.048522250491084
  -0.028632164531718
   0.006538854017934
   0.002680312454989
  -0.001107646378437
  -0.000054227605115
   0.000114805431921
  -0.000022402386902
  -0.000003943265790
   0.000002785528196
  -0.000000434687030
  -0.000000086780456
   0.000000053819797
  -0.000000008535069
  -0.000000001280947
   0.000000000887521
  -0.000000000150965
  -0.000000000015027
   0.000000000012391
  -0.000000000002118
  -0.000000000000147
   0.000000000000127
  -0.000000000000019
   0.000000000000000
  -0.000000000000002];
Pe125value0 =[

   0.999937278407267
   1.000004982875013
   1.000035270640439
   0.999882824308622
   1.000137035754692
   1.000089440083848
   0.999399400666278
   1.000989430295342
   0.999596527234471
   0.998282126087765
   1.004416437115772
   0.993945953683864
   1.002201602627746
   1.024840709592035
   0.755758874527379
  -0.046190777085586
   0.030401588339498
  -0.013984495554853
   0.003195190266046
   0.002880647846865
  -0.005330267078309
   0.000473409798722
  -0.063720453526207
  -0.010972050321004
   0.011535479165462
  -0.004141627949294
  -0.000237047762916
   0.002281990896415
  -0.004367953881747
   0.002607960848075
   0.000938953333194
   0.000978714120111
  -0.000609807390467
  -0.001875927808844
  -0.000473604205981
  -0.000255264190518
   0.000969130676534
   0.001186382581147
  -0.002633429343447
   0.006679371602405
  -0.032561635601418];

Pe12p5value3 =[

   1.000000026932071
   0.999999996030072
   0.999999974919408
   1.000000184622093
   0.999999751558792
   1.000000280893965
   0.999999805617198
   1.000000822580010
   1.000001316907903
   0.999988285645650
   1.000040091210613
   0.999814364767212
   1.001521465288738
   0.955884315270794
   0.638995698427038
   0.178439970267790
   0.002532152049508
   0.000930419789561
  -0.000201318358715
   0.000086176010436
  -0.000035974611391
   0.000007176592247
  -0.000000580658742
   0.000025349378125
   0.000027216685945
   0.000003848548206
  -0.000003289440946
   0.000000837981379
   0.000000152425884
  -0.000000071764400
  -0.000000054940451
  -0.000000014570076
  -0.000000013249959
   0.000000008004000
   0.000000004281327
  -0.000000003195560
  -0.000000000219155
  -0.000000000156001
   0.000000000079539
  -0.000000000010459
  -0.000000000013460];

Pe12p5value2=[

   0.999999999559414
   1.000000000693361
   0.999999998158756
   0.999999969313564
   1.000000225402691
   1.000000016537042
   0.999993917428407
   1.000018324130808
   1.000082115369821
   0.999490776338118
   0.999241251978394
   1.008308601570856
   1.013713873767617
   0.914761233743097
   0.612819818659780
   0.232348539787317
   0.011708335380327
  -0.021692295715847
  -0.002642397866101
   0.001891098014151
   0.000084918481146
  -0.000147426470937
   0.000013798584748
   0.000007306597802
  -0.000002039301035
  -0.000000058824545
   0.000000120984648
  -0.000000019344929
  -0.000000002387566
   0.000000001376222
  -0.000000000147824
  -0.000000000034272
   0.000000000012709
  -0.000000000000838
  -0.000000000000366
   0.000000000000093
  -0.000000000000002
  -0.000000000000003
   0.000000000000000
  -0.000000000000000
   0.000000000000000];

Pe12p5value0 =[

   0.999999986492247
   0.999999999229130
   1.000000002316658
   1.000000054226324
   0.999999725388995
   1.000000832063101
   0.999998106585877
   1.000003247795493
   0.999997205236582
   0.999991252361161
   1.000068877704063
   0.999653881767095
   1.001095053310104
   0.955327767412824
   0.634663985970755
   0.175098700624813
   0.003433801156637
   0.000895306914235
  -0.000323412354725
   0.000099731022903
  -0.000694218053525
  -0.003097076299446
  -0.005403989101566
  -0.003443664198205
  -0.000415384400614
   0.000099647901168
  -0.000026219133274
   0.000007497216151
  -0.000002531129234
   0.000001250380257
  -0.000001210421061
   0.000001489622107
  -0.000002776567832
   0.000003766338161
  -0.000005938084021
   0.000007553027488
  -0.000009831102015
   0.000012776993982
  -0.000012197081845
   0.000026164761993
  -0.000077958700604];

Pe1p25value3 =[

   0.999999999835497
   0.999999996221226
   0.999999937537095
   0.999999351339509
   0.999994833515276
   0.999966618696385
   0.999820370802783
   0.999184054591347
   0.996848258613904
   0.989604037435325
   0.970637939866348
   0.928812347012552
   0.851338234655097
   0.731141163727020
   0.575301809355455
   0.406650569636531
   0.254276672582389
   0.139155989118766
   0.066210510351479
   0.027292925808011
   0.009732944019749
   0.003001811218396
   0.000800752831875
   0.000184705814668
   0.000036796183602
   0.000006312720330
   0.000000927576139
   0.000000115629488
   0.000000012030863
   0.000000001014919
   0.000000000065517
   0.000000000002787
   0.000000000000031
  -0.000000000000005
  -0.000000000000000
   0.000000000000000
   0.000000000000000
  -0.000000000000000
  -0.000000000000000
  -0.000000000000000
   0.000000000000000];

Pe1p25value2 = [
   0.999999998287210
   0.999999947375017
   0.999999525081922
   0.999997120639757
   0.999985247350807
   0.999932612619380
   0.999721328060345
   0.998954219440840
   0.996452054986861
   0.989195827295713
   0.970728130162347
   0.930070163888148
   0.853776061139779
   0.733408903146943
   0.575477909673002
   0.404243733491417
   0.250927542087324
   0.136957704617329
   0.065866728711438
   0.028115676035766
   0.010764317028157
   0.003741107941999
   0.001194942803230
   0.000354952862925
   0.000099127245084
   0.000026279169657
   0.000006669103996
   0.000001631764765
   0.000000387230206
   0.000000089560801
   0.000000020266108
   0.000000004499189
   0.000000000981508
   0.000000000210406
   0.000000000044224
   0.000000000009060
   0.000000000001787
   0.000000000000330
   0.000000000000053
   0.000000000000006
   0.000000000000000];

